Layer: sequential/dense_3/BiasAdd/ReadVariableOp
Shape: [10]
Quantized Scale: [0.00079298]
Quantized Zero Point: [0]
Tensor Values:
[-135  216 -144  -20   82 -159 -312  124  312  -12]

Layer: sequential/dense_3/MatMul
Shape: [10 10]
Quantized Scale: [0.00709861]
Quantized Zero Point: [0]
Tensor Values:
[[ -17   56 -106   95  -74   16   -8   55  -54  -17]
 [ -32  -76   16   48  -12    5  -83  -36  108  -91]
 [  19   21  -71  -43   45  -70 -108  -77    4   48]
 [  58   38  -19  -47  -66  -52   57  -34   12  -84]
 [ -10  -24   24  -28 -110   30    0  -42  -60   77]
 [-119   -7  -39  -28   50  -27   69   -1   27   -9]
 [   3  -39 -114   90 -127  -18   15   76   32   19]
 [  26  -28  -49   34   73   93  -19  -72  -53  -76]
 [ -90   43  -38  -18  -90   42  -71   -4   62   -9]
 [-121   16   91  -16   38  -12   21    5  -53  -23]]

Layer: sequential/dense_2/BiasAdd/ReadVariableOp
Shape: [10]
Quantized Scale: [0.00065755]
Quantized Zero Point: [0]
Tensor Values:
[-103   55  328  -93  -38  234 -108  153  287  193]

Layer: sequential/dense_2/MatMul
Shape: [10 20]
Quantized Scale: [0.00798584]
Quantized Zero Point: [0]
Tensor Values:
[[ -39   -9   60   69   -7  -32   23   80   38   89   53  -35  -48   55
    45   15   -2   47    9  -46]
 [   2   16   -8   53   45   57  -72  -18  106  -33   30   -1   74   65
  -127  -41   -4   25    6   39]
 [  42  -14   -8  -39   -8   23  -13   25  -31  -45   13   13   59  -17
    67  -60   66  -27   77  -26]
 [ -50   -5  -77  -89   38  -62    3  -34   76   -1  -16   36   31   31
    57  -41  -27   70  -23   19]
 [  32   47   59  -18  -45  -49   58   -6   11  -89   30   -9  -19   64
    38   88  -10  -34   35   35]
 [ -53   49  -40   10   33   -6  -60  -22   -8   40   36    8  -23   12
   -20   12   77   49   37   18]
 [   9  -60   99  -59  -23   -1   11   76  -55  -46  -17   50   60   44
   -35   34  -19   20  -36   24]
 [ -14  -34  -50  -63   -9   31   55   26   52    7  -22   49  -36   -8
   -12   56  -69  -37  -46  -44]
 [  76  -42   -9   63  -18   21   69  -41  -55   -1   22   31  -48   -8
    89   51  -34   85  -63   71]
 [ -47   54  -29  -36  -24    0   65  -56   13   97   45   64  -46   52
   -38  -72  -32   67   52  -52]]

Layer: sequential/dense_1/BiasAdd/ReadVariableOp
Shape: [20]
Quantized Scale: [0.000398]
Quantized Zero Point: [0]
Tensor Values:
[ 185  -20 -171  235 -137  341  175 -102  126  190  393  496   96  181
 -112   10  337  225  480  332]

Layer: sequential/dense_1/MatMul
Shape: [20 50]
Quantized Scale: [0.00994425]
Quantized Zero Point: [0]
Tensor Values:
[[ 39  -7  29 -23  -6 -11  -4 -27  -3   2  12  22 -23  13 -17  -5  41 -16
   15 -23  -7  74 -26  -9   9   1  31   9 -65  39  -5 -18   0 -31 -29   5
   30  31  18  24 -12  20 -39  51  -8  12  41  66 -19   6]
 [  5  11 -27  -2  -4  -1   6   5  -6   0  22  -3   8 -13  -3  10  13 -24
    0 -27   9 -31 -15 -22 -18   0 -21 -15 -17  -2  35  -6 -27 -26 -26 -18
   12   6 -17  20 -11 -12  18  15   0  18   2   8 -25   0]
 [-22 -35 -10 -23   5  36  23 -22  28   0 -13  25 -43 -32  32  25 -10  16
   12 -41   5  55  20   6 -44 -22  33  28   9  26 -14  35  39  18 -36 -23
  -15  46   6 -21 -23 -20   5  40 -30  14  56   3  30   7]
 [ -6  22  33  22  34  24 -20 -21 -44  26 -40   9 -19   8 -13  31  49  -9
   22  20   6  11 -28  13  29 -10  -7  26 -27 -46 -27 -30  60 -18  -6  23
  -57  -7  18  15 -16  -4 -80 -32  16   3  -8 -43  -2 -19]
 [ -4  19 -10   8 -23 -18 -25 -14  -7  17 -15  12  22  -6 -19  19 -28  27
  -22 -35 -25  24   7 -26 -27  16  10 -15  18 -16 -25 -13 -28 -18  20 -29
  -16 -21 -14 -25   8 -30  10 -13  -5  -8  13   0   0   0]
 [  6  26  18 -14 -12  59 -12   5 -34 -24 -36  44   1   2 -47  -4 -23 -31
    8  12 -38  61   8 -36 -19  30  22  34 -40  -3   3  -5  -6   4 -47  34
   -6 -24 -13  19  -1  38 -33 -57 -10  16  -3 -32 -51   2]
 [ 46  17 -10  -2  16 -44 -14 -17 -12  17  44 -22 -15  38  10 -11  40  -3
   26 -27 -29  30  -4  55  45  17 -31 -14  -3  46  24  24  21  -1  -4  -8
    3 -37 -15  23   1 -35 -43  63  12  34  16  15  -7 -29]
 [  7  12 -11 -50  16  51   1   7  17  48  33  26 -12 -14 -25  -6 -18  34
  -21  16  22  32 -25  20 -35  24  11  15  21 -35   2   9  26  11 -43  -5
  -12  41 -27 -24   6 -19  14  21 -26  11  -8 -47  -2  17]
 [-42  27  -6  -4  37 -14  15  18 -13  17   6 -21  -9 -33 -13 -30   7  11
   10 -14 -17 -25  25 -12  28  -7  22  25 -33 -28  10 -50  -5 -15  11 -17
  -53  -5  -9  34  27 -12   2 -38  33  -8   2 -42 -16  26]
 [-19 -33   8 -50   6  20   9  13  46  19  -1  20  20   9  25  22 -11  -6
  -36  13 -11 -10  39  19  -6  -3 -14 -27  45 -34  16   2 -55 -29  24  32
   12 -19  16   2 -32  -5  -2   1   2 -19 -43 -22   2  11]
 [ -1  -6  20  43  30  13   9  36  10  -9  12  15  22 -17  21  40  35  11
  -14  17   3  14  24  21  68  12  33   6  15 -65  30  42  57 -12  31  -6
  -29   0  -3  22 -15  14 -30  -5  23  17 -30 -76  45  24]
 [ 32 -20  -1  -2 -54  -2  16 -26  13 -43  18  29 -39  38  18  21 -63  28
   37  -2 -27  -3  33 -32 -22  27  -2  26  -9 127  13   8 -34  42   7  17
   43   3 -19  32  30  38  53  28  43  29  56  55 -34  -1]
 [-13  32  -1 -25  -6  28  15  21   3   4  30  35 -23 -13 -41 -23 -47  20
    6  27  10  28 -22 -36 -26  18   0  10 -49  -7  27  -4 -14 -47 -21  22
  -18  32   6  30  16   4  43 -19  27 -18  -8  -4 -14   2]
 [ 13  18  -7  17  53   2  47  33  25 -13  26 -16 -49  13  29  33  21  37
    6  22  11   4  -3 -12  -4  38   0 -26   1  31   4   5  68 -42   6  12
   11  26 -25  33  -3  -8  25  11   3   0  72 -58  33  15]
 [-24  21 -12  10   0 -16 -40  41  12  24  17 -11  37 -36  22   9  -9   4
  -22 -34  -8  17 -13  11  35 -14  13  19 -12 -37 -22 -10  21  46  -8  11
   34 -40   2 -14 -41   5 -19  73 -22 -26 -34  63 -36 -45]
 [ 35  21  -2 -15 -43 -46 -21  11  13 -28  -5 -15  -9 -32  32  26  55  32
  -26   7  32  36  11  11 -22 -24 -25 -24  37  34  30   6  40  33   2  18
    2  38 -12  16  31  29  -2  55 -36 -36  49  -3  20  25]
 [-18  15  35 -31 -27 -16  -7  34  40  17 -11  24  21  -2 -51  18  -3 -25
   -6  -2  53 -30  28 -46  33  15   3  33  18 -34  36  53 -11   7   5 -19
   34 -16 -12 -38 -16  27  11   1   6   1 -43 -23  -5 -11]
 [ 10   4  11   8 -11  47  23   8 -38 -31 -29  27 -21  25  42  30  11  37
   34  11 -29 -49  28  29 -18 -20  35   7  65  11 -19 -41  15  36  30  22
    7   3   4  -6  22  20  31 -22 -18  33 -22  13 -27 -10]
 [ -9  -9  25  36  20 -21   8  -5  27  20  54   0  50  10 -63  34 -17 -46
    1  -6  47  -5  44 -33  23  27  20  -7  -9 -32  41  60   8   3 -28  16
   22  16  -6  -4  16  28  -9 -27  28   2 -21 -71  52  28]
 [ 16  32   3   0 -17 -33 -36 -21 -10  45 -18 -10 -31 -31  42  10 -10 -33
   30  -4   2 -25  15 -32 -36 -16  33   5 -53  35  10 -15  21  11 -21 -25
   39  13 -12  19  28   2 -30  53  -1  20  56  37  -6  33]]

Layer: sequential/dense/BiasAdd/ReadVariableOp
Shape: [50]
Quantized Scale: [2.7142523e-05]
Quantized Zero Point: [0]
Tensor Values:
[ 3369  1395  6341   364  1185 -1853  -758   864  4082 -2533  3212  -537
 -2793  6022  1644  6289  -371  -131  6200   453  1109 -3540  4614   411
   159  1556  4928    16   997  -517  3871  1793  3015 -3722 -1362  5046
  3044  -285  -930  6573  5476  5534 -2836  2897  3703  7359  5641  1470
   938  3986]

Layer: sequential/dense/MatMul
Shape: [ 50 784]
Quantized Scale: [0.00692134]
Quantized Zero Point: [0]
Tensor Values:
[[ -1   1   0 ...  -9  -7  11]
 [-11   1   3 ...   0   2   8]
 [ -4   1   8 ...  12  -6   0]
 ...
 [ -8   8   1 ...   9   2 -10]
 [ -2  12  -4 ...  -3   2   9]
 [ 11  10   8 ...   1  -2 -10]]

