0
0
0
0
0
0
0
0
0
0
0
0
0
0
0
0
0
0
0
0
0
0
0
0
0
0
0
0
0
0
0
0
0
0
0
0
0
0
0
0
0
0
0
0
0
0
0
0
0
0
0
0
0
0
0
0
0
0
0
0
0
0
0
0
0
0
0
0
0
0
0
0
0
0
0
0
0
0
0
0
0
0
0
0
0
0
0
0
0
0
0
0
0
0
0
0
0
0
0
0
0
0
0
0
0
0
0
0
0
0
0
0
0
0
0
0
0
0
0
0
0
0
0
0
0
0
0
33
9f
fd
9f
32
0
0
0
0
0
0
0
0
0
0
0
0
0
0
0
0
0
0
0
0
0
0
30
ee
fc
fc
fc
ed
0
0
0
0
0
0
0
0
0
0
0
0
0
0
0
0
0
0
0
0
0
36
e3
fd
fc
ef
e9
fc
39
6
0
0
0
0
0
0
0
0
0
0
0
0
0
0
0
0
0
a
3c
e0
fc
fd
fc
ca
54
fc
fd
7a
0
0
0
0
0
0
0
0
0
0
0
0
0
0
0
0
0
a3
fc
fc
fc
fd
fc
fc
60
bd
fd
a7
0
0
0
0
0
0
0
0
0
0
0
0
0
0
0
0
33
ee
fd
fd
be
72
fd
e4
2f
4f
ff
a8
0
0
0
0
0
0
0
0
0
0
0
0
0
0
0
30
ee
fc
fc
b3
c
4b
79
15
0
0
fd
f3
32
0
0
0
0
0
0
0
0
0
0
0
0
0
26
a5
fd
e9
d0
54
0
0
0
0
0
0
fd
fc
a5
0
0
0
0
0
0
0
0
0
0
0
0
7
b2
fc
f0
47
13
1c
0
0
0
0
0
0
fd
fc
c3
0
0
0
0
0
0
0
0
0
0
0
0
39
fc
fc
3f
0
0
0
0
0
0
0
0
0
fd
fc
c3
0
0
0
0
0
0
0
0
0
0
0
0
c6
fd
be
0
0
0
0
0
0
0
0
0
0
ff
fd
c4
0
0
0
0
0
0
0
0
0
0
0
4c
f6
fc
70
0
0
0
0
0
0
0
0
0
0
fd
fc
94
0
0
0
0
0
0
0
0
0
0
0
55
fc
e6
19
0
0
0
0
0
0
0
0
7
87
fd
ba
c
0
0
0
0
0
0
0
0
0
0
0
55
fc
df
0
0
0
0
0
0
0
0
7
83
fc
e1
47
0
0
0
0
0
0
0
0
0
0
0
0
55
fc
91
0
0
0
0
0
0
0
30
a5
fc
ad
0
0
0
0
0
0
0
0
0
0
0
0
0
0
56
fd
e1
0
0
0
0
0
0
72
ee
fd
a2
0
0
0
0
0
0
0
0
0
0
0
0
0
0
0
55
fc
f9
92
30
1d
55
b2
e1
fd
df
a7
38
0
0
0
0
0
0
0
0
0
0
0
0
0
0
0
55
fc
fc
fc
e5
d7
fc
fc
fc
c4
82
0
0
0
0
0
0
0
0
0
0
0
0
0
0
0
0
0
1c
c7
fc
fc
fd
fc
fc
e9
91
0
0
0
0
0
0
0
0
0
0
0
0
0
0
0
0
0
0
0
0
19
80
fc
fd
fc
8d
25
0
0
0
0
0
0
0
0
0
0
0
0
0
0
0
0
0
0
0
0
0
0
0
0
0
0
0
0
0
0
0
0
0
0
0
0
0
0
0
0
0
0
0
0
0
0
0
0
0
0
0
0
0
0
0
0
0
0
0
0
0
0
0
0
0
0
0
0
0
0
0
0
0
0
0
0
0
0
0
0
0
0
0
0
0
0
0
0
0
0
0
0
0
0
0
0
0
0
0
0
0
0
0
0
0
0
0
0
0
0
0
0
0
0
0
0
0
0
0
0
0
0
0
0
0
0
0
0
0
0
0
0
0
0
0
0
0
0
0
0
0
0
0
0
0
0
0
0
0
0
0
0
0
0
0
0
0
0
0
0
0
0
0
0
0
0
0
0
0
0
0
0
0
0
0
0
0
0
0
0
0
0
0
0
0
0
0
0
0
0
0
0
0
0
0
0
0
0
0
0
0
0
0
0
0
0
0
0
0
0
0
0
0
0
0
0
0
0
0
0
0
0
95
ff
81
25
0
0
0
0
0
0
0
0
0
0
0
0
0
0
0
0
0
0
0
0
0
0
0
0
95
fd
fc
d7
3c
7
0
0
0
0
0
0
0
0
0
0
0
0
0
0
0
0
0
0
0
0
0
0
35
96
f9
fc
fc
26
0
0
0
0
0
0
0
0
0
0
0
0
0
0
0
0
0
0
0
0
0
0
0
0
8a
fc
fc
b1
0
0
0
0
0
0
0
0
0
0
0
0
0
0
0
0
0
0
0
0
0
0
0
0
7
81
fc
f3
41
0
0
0
0
0
0
0
0
0
0
0
0
0
0
0
0
0
0
0
0
0
0
0
0
21
fc
fc
4a
0
0
0
0
0
0
0
0
0
0
0
0
0
0
0
0
0
0
0
0
0
0
0
70
d2
fc
d4
23
0
0
0
0
0
0
0
0
0
0
0
0
0
0
0
0
0
0
0
0
45
b1
f0
f9
fc
fc
b1
0
0
0
0
0
0
0
0
0
0
0
0
0
0
0
0
0
0
0
0
0
c1
fc
fd
fc
f0
3b
29
0
0
0
0
0
0
0
0
0
0
0
0
0
0
0
0
0
0
0
0
0
c1
fc
fd
fc
f5
4f
0
0
0
0
0
0
0
0
0
0
0
0
0
0
0
0
0
0
0
0
0
0
0
0
95
ad
fd
fd
b2
0
0
0
0
0
0
0
0
0
0
0
0
0
0
0
0
0
0
0
0
0
0
0
0
b
b3
fc
c3
12
0
0
0
0
0
0
0
0
0
0
0
0
0
0
0
0
0
0
0
0
0
0
0
0
43
fc
fc
4a
0
0
0
0
0
0
0
0
0
0
0
0
0
0
0
0
0
0
0
0
0
0
0
0
f
fc
fc
4a
0
0
0
0
0
0
0
0
0
0
0
0
0
0
0
0
0
9
99
c
0
0
0
0
3c
fc
fc
4a
0
0
0
0
0
0
0
0
0
0
0
0
0
0
0
0
9
90
fc
81
7
0
0
0
a4
fc
c7
16
0
0
0
0
0
0
0
0
0
0
0
0
0
0
0
0
4b
fc
fc
fc
3b
0
86
86
d2
fc
63
0
0
0
0
0
0
0
0
0
0
0
0
0
0
0
0
0
4
20
d2
fc
f1
ee
fd
fc
fc
fc
1d
0
0
0
0
0
0
0
0
0
0
0
0
0
0
0
0
0
0
0
1f
70
f1
fc
fd
fc
de
88
7
0
0
0
0
0
0
0
0
0
0
0
0
0
0
0
0
0
0
0
0
0
6a
fc
fd
d8
24
0
0
0
0
0
0
0
0
0
0
0
0
0
0
0
0
0
0
0
0
0
0
0
0
0
0
0
0
0
0
0
0
0
0
0
0
0
0
0
0
0
0
0
0
0
0
0
0
0
0
0
0
0
0
0
0
0
0
0
0
0
0
0
0
0
0
0
0
0
0
0
0
0
0
0
0
0
0
0
0
0
0
0
0
0
0
0
0
0
0
0
0
0
0
0
0
0
0
0
0
0
0
0
0
0
0
0
0
0
0
0
0
0
0
0
0
0
0
0
0
0
0
0
0
0
0
0
0
0
0
0
0
0
0
0
0
0
0
0
0
0
0
0
0
0
0
0
0
0
0
0
0
0
0
0
0
0
0
0
0
0
0
0
0
0
0
0
0
0
0
0
0
0
0
0
0
0
0
0
0
0
0
0
0
0
0
0
0
0
0
0
0
0
0
0
0
0
0
0
0
0
0
0
0
0
0
0
0
0
0
0
0
0
0
0
0
0
0
0
0
0
0
0
0
0
0
0
0
0
0
0
0
0
0
0
0
0
0
0
0
0
0
0
0
0
0
0
0
0
0
0
0
0
0
0
0
0
0
0
0
0
0
0
0
0
0
0
0
0
0
0
0
0
0
0
0
0
0
0
0
0
0
0
0
0
0
0
0
0
0
0
0
0
0
0
0
0
0
0
0
0
0
0
0
3
12
12
12
7e
88
af
1a
a6
ff
f7
7f
0
0
0
0
0
0
0
0
0
0
0
0
1e
24
5e
9a
aa
fd
fd
fd
fd
fd
e1
ac
fd
f2
c3
40
0
0
0
0
0
0
0
0
0
0
0
31
ee
fd
fd
fd
fd
fd
fd
fd
fd
fb
5d
52
52
38
27
0
0
0
0
0
0
0
0
0
0
0
0
12
db
fd
fd
fd
fd
fd
c6
b6
f7
f1
0
0
0
0
0
0
0
0
0
0
0
0
0
0
0
0
0
0
50
9c
6b
fd
fd
cd
b
0
2b
9a
0
0
0
0
0
0
0
0
0
0
0
0
0
0
0
0
0
0
0
e
1
9a
fd
5a
0
0
0
0
0
0
0
0
0
0
0
0
0
0
0
0
0
0
0
0
0
0
0
0
0
8b
fd
be
2
0
0
0
0
0
0
0
0
0
0
0
0
0
0
0
0
0
0
0
0
0
0
0
0
b
be
fd
46
0
0
0
0
0
0
0
0
0
0
0
0
0
0
0
0
0
0
0
0
0
0
0
0
0
23
f1
e1
a0
6c
1
0
0
0
0
0
0
0
0
0
0
0
0
0
0
0
0
0
0
0
0
0
0
0
51
f0
fd
fd
77
19
0
0
0
0
0
0
0
0
0
0
0
0
0
0
0
0
0
0
0
0
0
0
0
2d
ba
fd
fd
96
1b
0
0
0
0
0
0
0
0
0
0
0
0
0
0
0
0
0
0
0
0
0
0
0
10
5d
fc
fd
bb
0
0
0
0
0
0
0
0
0
0
0
0
0
0
0
0
0
0
0
0
0
0
0
0
0
f9
fd
f9
40
0
0
0
0
0
0
0
0
0
0
0
0
0
0
0
0
0
0
0
0
0
2e
82
b7
fd
fd
cf
2
0
0
0
0
0
0
0
0
0
0
0
0
0
0
0
0
0
0
0
27
94
e5
fd
fd
fd
fa
b6
0
0
0
0
0
0
0
0
0
0
0
0
0
0
0
0
0
0
18
72
dd
fd
fd
fd
fd
c9
4e
0
0
0
0
0
0
0
0
0
0
0
0
0
0
0
0
0
17
42
d5
fd
fd
fd
fd
c6
51
2
0
0
0
0
0
0
0
0
0
0
0
0
0
0
0
0
12
ab
db
fd
fd
fd
fd
c3
50
9
0
0
0
0
0
0
0
0
0
0
0
0
0
0
0
0
37
ac
e2
fd
fd
fd
fd
f4
85
b
0
0
0
0
0
0
0
0
0
0
0
0
0
0
0
0
0
0
88
fd
fd
fd
d4
87
84
10
0
0
0
0
0
0
0
0
0
0
0
0
0
0
0
0
0
0
0
0
0
0
0
0
0
0
0
0
0
0
0
0
0
0
0
0
0
0
0
0
0
0
0
0
0
0
0
0
0
0
0
0
0
0
0
0
0
0
0
0
0
0
0
0
0
0
0
0
0
0
0
0
0
0
0
0
0
0
0
0
0
0
0
0
0
0
0
0
0
0
0
0
0
0
0
0
0
0
0
0
